Teste	Formigas	Iteraction	Q	alfa	beta	rho	AvgBest	AvgAvg	AvgWorst	Best		Tour
10	100		100		1	2	5	0.3	8.3062e+03	8.8737e+03	1.0149e+04	8123		15    14    12    11    13    25    22    21    40    39    37    36    41    38    19    18	17    16    53    51    49    50    52    30    29    26    28    27     7     6     9    10	8     5     2    42    44    43    47    46    45    35    33    32    34    31     1     4	3    24    23    48    20    15

10	50		100		1	2	5	0.1	8.3848e+03	9.0741e+03	1.0184e+04	8090		9     7     6    52    49    50    53    51    34    32    31     1     4     3    18    17	16    38    36    41    39    37    11    13    15    14    12     2    42    44    43    47	46    45    35    33    27    26    28    30    29    21    22    40     5    23    48    24	25    20    19    10     8

10	50		100		1	0	5	0.3	9.5231e+03	1.0906e+04	1.2460e+04	9068		7     6    52    49    50    53    51    34    32    27    26    28    30    29    46    42	43    47    44    48    45    35    33    31     1     4     3    18    17    16    38    36	41    37    11    13    39     5     2     9    10     8    22    21    40    19    20    12	14    15    25    23    24

10	50		100		1	2	0	0.3	2.4930e+04	2.5864e+04	2.6602e+04	22851		18    45    47    20    17    16    32	53    29     6    36    40    14    46	21    51    22    25    33    49    50	52    44    24    37    19     9    42	11    23    13     3    48     5     8	7     4    41    27    30    38    28	26    34    31     1    12    39    35	15    43    10     2

10	50		100		1	2	5	0.7	8533		9.1279e+03	1.0525e+04	8262		8     6    52    49    50    53    51    26    28    27    30    29    21    22    40     7	10     9     2    42    44    43    47    46    45    35    33    32    34    31     1     4	3    18    17    16    38    36    41    39    37    11    13    15    12    14     5    23	48    24    25    20    19

10	150		150		1	2	5	0.15	8.2228e+03	8.9078e+03	1.0226e+04	7855		6    52    49    50    53    51    30    29    26    28    27     4     3    18    17    16	40    39    37    36    41    38    19    20    12    11    13    15    14    35    33    32	34    31     1     5     2     9     7    10     8    22    21    25    23    48    43    47	44    42    46    45    24

10	50		100		1	2	5	0.3	8.4469e+03	9.0985e+03	10256		8269		9     7     6    52    49    50    51    53    28    30    29    26    27    13    15    14	12    11    35    33    32    34    31     1     4     3    18    17    16    38    36    41	39    37    40     5     2    42    46    45    44    43    47    48    24    21    22    25	23    20    19    10     8